nesse1ncRNApangenome400_T0
nesse1ncRNApangenome400_T10
nesse1ncRNApangenome400_T11
nesse1ncRNApangenome400_T12
nesse1ncRNApangenome400_T13
nesse1ncRNApangenome400_T14
nesse1ncRNApangenome400_T15
nesse1ncRNApangenome400_T16
nesse1ncRNApangenome400_T17
nesse1ncRNApangenome400_T18
nesse1ncRNApangenome400_T19
nesse1ncRNApangenome400_T1
nesse1ncRNApangenome400_T20
nesse1ncRNApangenome400_T21
nesse1ncRNApangenome400_T22
nesse1ncRNApangenome400_T23
nesse1ncRNApangenome400_T24
nesse1ncRNApangenome400_T25
nesse1ncRNApangenome400_T26
nesse1ncRNApangenome400_T27
nesse1ncRNApangenome400_T28
nesse1ncRNApangenome400_T29
nesse1ncRNApangenome400_T2
nesse1ncRNApangenome400_T30
nesse1ncRNApangenome400_T31
nesse1ncRNApangenome400_T32
nesse1ncRNApangenome400_T33
nesse1ncRNApangenome400_T34
nesse1ncRNApangenome400_T35
nesse1ncRNApangenome400_T36
nesse1ncRNApangenome400_T37
nesse1ncRNApangenome400_T38
nesse1ncRNApangenome400_T39
nesse1ncRNApangenome400_T3
nesse1ncRNApangenome400_T40
nesse1ncRNApangenome400_T41
nesse1ncRNApangenome400_T42
nesse1ncRNApangenome400_T43
nesse1ncRNApangenome400_T44
nesse1ncRNApangenome400_T45
nesse1ncRNApangenome400_T46
nesse1ncRNApangenome400_T47
nesse1ncRNApangenome400_T48
nesse1ncRNApangenome400_T49
nesse1ncRNApangenome400_T4
nesse1ncRNApangenome400_T50
nesse1ncRNApangenome400_T51
nesse1ncRNApangenome400_T52
nesse1ncRNApangenome400_T53
nesse1ncRNApangenome400_T54
nesse1ncRNApangenome400_T55
nesse1ncRNApangenome400_T56
nesse1ncRNApangenome400_T57
nesse1ncRNApangenome400_T58
nesse1ncRNApangenome400_T59
nesse1ncRNApangenome400_T5
nesse1ncRNApangenome400_T60
nesse1ncRNApangenome400_T61
nesse1ncRNApangenome400_T62
nesse1ncRNApangenome400_T63
nesse1ncRNApangenome400_T64
nesse1ncRNApangenome400_T65
nesse1ncRNApangenome400_T66
nesse1ncRNApangenome400_T67
nesse1ncRNApangenome400_T68
nesse1ncRNApangenome400_T69
nesse1ncRNApangenome400_T6
nesse1ncRNApangenome400_T70
nesse1ncRNApangenome400_T71
nesse1ncRNApangenome400_T72
nesse1ncRNApangenome400_T7
nesse1ncRNApangenome400_T8
nesse1ncRNApangenome400_T9
1053687.3
1069608.3
1069619.3
1095670.3
1095675.3
1095684.3
1095688.3
1095693.3
1095696.3
1145119.3
1145134.3
1145138.3
1145145.3
1145154.3
1145159.3
1145160.3
1145164.3
1145167.3
1145174.3
1145175.3
1145188.3
1145191.3
1190570.3
1200386.3
122586.8
487.1003
487.1009
487.1011
487.1013
487.1014
487.1021
487.1026
487.1032
487.1033
487.1036
487.1043
487.1044
487.1047
487.1118
487.1129
487.1135
487.1138
487.1151
487.1156
487.1163
487.1171
487.1176
487.1225
487.1228
487.1234
487.1302
487.1303
487.1305
487.1307
487.1312
487.1522
487.1525
487.1532
487.1541
487.1549
487.1572
487.1579
487.1584
487.1588
487.1592
487.1599
487.1604
487.1644
487.1648
487.1658
487.1664
487.1666
487.1671
487.1674
487.1675
487.1681
487.1682
487.1688
487.1694
487.1695
487.1697
487.1721
487.1723
487.1728
487.1735
487.1738
487.1741
487.1743
487.1757
487.1764
487.1774
487.1775
487.1803
487.1812
487.1813
487.1814
487.1821
487.1822
487.1836
487.1844
487.1845
487.1847
487.1851
487.1854
487.1859
487.1861
487.1862
487.1867
487.1895
487.1899
487.1906
487.1908
487.1911
487.1916
487.1921
487.1927
487.1935
487.1937
487.1945
487.1957
487.1963
487.1964
487.1965
487.1966
487.1967
487.1973
487.1988
487.2001
487.2005
487.2006
487.2012
487.2044
487.2056
487.2068
487.2072
487.2073
487.2075
487.2088
487.2093
487.2094
487.2097
487.2098
487.2104
487.2111
487.2112
487.2116
487.2119
487.2126
487.2135
487.2136
487.2254
487.2261
487.2274
487.2276
487.2278
487.2281
487.2283
487.2292
487.2293
487.2295
487.2297
487.2308
487.2322
487.2328
487.2331
487.2343
487.2345
487.2347
487.2352
487.2356
487.2362
487.2364
487.2372
487.2374
487.2375
487.2377
487.2383
487.2384
487.2386
487.2392
487.2396
487.2405
487.2417
487.2429
487.2433
487.2444
487.2485
487.2491
487.2493
487.2505
487.2506
487.2512
487.2513
487.2516
487.2517
487.2518
487.2523
487.2533
487.2544
487.2547
487.2552
487.2563
487.2568
487.2577
487.2578
487.2582
487.2592
487.2595
487.2597
487.2602
487.2611
487.2621
487.2622
487.2638
487.2642
487.2657
487.2659
487.2664
487.2671
487.2674
487.2676
487.2685
487.2691
487.2695
487.2696
487.2699
487.2702
487.2703
487.2706
487.2708
487.2712
487.2714
487.2732
487.2739
487.2751
487.2758
487.2781
487.2787
487.2793
487.3014
487.3152
487.3154
487.3162
487.3163
487.3175
487.3177
487.3232
487.3236
487.3237
487.3697
487.3698
487.3704
487.3705
487.3706
487.3716
487.3717
487.3724
487.3736
487.3743
487.3748
487.3749
487.3761
487.3774
487.3777
487.3782
487.3799
487.3802
487.3808
487.3812
487.3816
487.3817
487.3826
487.3842
487.3852
487.3868
487.3872
487.3873
487.3875
487.3878
487.3927
487.3936
487.3965
487.3966
487.3972
487.3978
487.3979
487.3985
487.3988
487.3992
487.3993
487.3996
487.4016
487.4021
487.4034
487.4037
487.4039
487.4091
487.4099
487.4108
487.4113
487.4129
487.4168
487.4169
487.4172
487.4177
487.4179
487.4197
487.4203
487.4206
487.4208
487.4211
487.4217
487.4224
487.4227
487.4229
487.4231
487.4241
487.4243
487.4247
487.535
487.543
487.544
487.546
487.547
487.548
487.553
487.555
487.563
487.564
487.565
487.572
487.574
487.577
487.583
487.586
487.592
487.604
487.608
487.623
487.629
487.632
487.633
487.647
487.652
487.655
487.665
487.666
487.676
487.678
487.682
487.688
487.689
487.699
487.704
487.711
487.715
487.723
487.728
487.734
487.736
487.751
487.753
487.755
487.761
487.762
487.765
487.774
487.782
487.798
487.799
487.813
487.818
487.821
487.823
487.826
487.827
487.831
487.838
487.839
487.844
487.849
487.859
487.869
487.872
487.886
487.906
487.915
487.932
487.933
487.935
487.958
487.968
487.976
487.978
487.984
487.992
487.994
862513.3
935589.3
935593.3
