817.12
817.127
817.137
817.172
817.182
817.185
817.186
817.188
817.19
817.191
817.204
817.205
817.206
817.207
817.208
817.209
817.21
817.212
817.214
817.215
817.216
817.217
817.22
817.221
817.222
817.223
817.224
817.225
817.227
817.228
817.232
817.233
817.234
817.235
817.236
817.237
817.238
817.25
817.25
817.2523
817.2524
817.2525
817.2526
817.2527
817.2528
817.2531
817.2532
817.2533
817.2534
817.2535
817.2536
817.2537
817.2538
817.2539
817.254
817.2541
817.2542
817.2543
817.2544
817.2545
817.2546
817.2547
817.2548
817.2549
817.255
817.2551
817.2566
817.2567
817.2568
817.2569
817.33
817.34
817.35
817.6
