487.1
487.101
487.102
487.103
487.104
487.105
487.113
487.114
487.115
487.116
487.117
487.123
487.13
487.131
487.134
487.152
487.153
487.154
487.155
487.157
487.158
487.159
487.16
487.161
487.162
487.164
487.165
487.166
487.167
487.168
487.169
487.17
487.171
487.172
487.173
487.174
487.175
487.176
487.177
487.178
487.179
487.18
487.181
487.182
487.183
487.184
487.185
487.186
487.187
487.188
487.189
487.19
487.191
487.192
487.193
487.194
487.195
487.196
487.197
487.198
487.199
487.2
487.201
487.205
487.206
487.207
487.208
487.209
487.21
487.211
487.212
487.213
487.214
487.226
487.227
487.228
487.229
487.23
487.231
487.232
487.233
487.234
487.235
487.236
487.237
487.238
487.239
487.24
487.241
487.242
487.243
487.244
487.245
487.246
487.248
487.249
487.25
487.251
487.252
487.253
487.254
487.255
487.256
487.257
487.258
487.259
487.26
487.261
487.262
487.263
487.264
487.265
487.266
487.267
487.268
487.269
487.27
487.271
487.272
487.273
487.274
487.275
487.276
487.277
487.278
487.279
487.315
487.316
487.317
487.324
487.37
487.371
487.372
487.373
487.374
487.375
487.376
487.377
487.378
487.379
487.38
487.381
487.382
487.383
487.384
487.385
487.386
487.387
487.388
487.389
487.394
487.397
487.398
487.399
487.4
487.401
487.402
487.403
487.409
487.41
487.411
487.413
487.416
487.417
487.418
487.419
487.42
487.421
487.422
487.423
487.424
487.4291
487.4292
487.4295
487.4296
487.4297
487.4298
487.4299
487.4302
487.52
487.53
487.54
487.55
487.56
487.57
487.58
487.59
487.6
487.62
487.63
487.64
487.65
487.66
487.67
487.68
487.69
487.7
487.71
487.72
487.73
487.74
487.75
487.76
487.77
487.1
487.101
487.102
487.103
487.104
487.105
487.113
487.114
487.115
487.116
487.117
487.123
487.13
487.131
487.134
487.152
487.153
487.154
487.155
487.157
487.158
487.159
487.16
487.161
487.162
487.164
487.165
487.166
487.167
487.168
487.169
487.17
487.171
487.172
487.173
487.174
487.175
487.176
487.177
487.178
487.179
487.18
487.181
487.182
487.183
487.184
487.185
487.186
487.187
487.188
487.189
487.19
487.191
487.192
487.193
487.194
487.195
487.196
487.197
487.198
487.199
487.2
487.201
487.205
487.206
487.207
487.208
487.209
487.21
487.211
487.212
487.213
487.214
487.226
487.227
487.228
487.229
487.23
487.231
487.232
487.233
487.234
487.235
487.236
487.237
487.238
487.239
487.24
487.241
487.242
487.243
487.244
487.245
487.246
487.248
487.249
487.25
487.251
487.252
487.253
487.254
487.255
487.256
487.257
487.258
487.259
487.26
487.261
487.262
487.263
487.264
487.265
487.266
487.267
487.268
487.269
487.27
487.271
487.272
487.273
487.274
487.275
487.276
487.277
487.278
487.279
487.315
487.316
487.317
487.324
487.37
487.371
487.372
487.373
487.374
487.375
487.376
487.377
487.378
487.379
487.38
487.381
487.382
487.383
487.384
487.385
487.386
487.387
487.388
487.389
487.394
487.397
487.398
487.399
487.4
487.401
487.402
487.403
487.409
487.41
487.411
487.413
487.416
487.417
487.418
487.419
487.42
487.421
487.422
487.423
487.424
487.4291
487.4292
487.4295
487.4296
487.4297
487.4298
487.4299
487.4302
487.52
487.53
487.54
487.55
487.56
487.57
487.58
487.59
487.6
487.62
487.63
487.64
487.65
487.66
487.67
487.68
487.69
487.7
487.71
487.72
487.73
487.74
487.75
487.76
487.77
487.78
487.79
487.8
487.81
487.82
487.83
487.84
487.85
487.86
487.87
487.88
487.89
487.9
487.91
487.92
487.93
487.94
487.95
487.96
487.97
487.98
487.99
